834016518637718366364135267743398694181237387897403656758979170959209142063114880056213332305393786653957303767589114500568127272025224344437738511331390618134651640030149484873054059749686777791255485544492251348715083250425323061361216209483438984296485676938075689494799066053022814544597170996864667285687

880099513789618366364135267743398694181237387897403656758979170959209142063114880056213332305393786653957303767589114500568127272025224344437738511331390618134651640030149484873054059749686777791255485542108751348715083250425323061361216209483438984296485676938075689494799066053022814544597170996864667970191

101012518637718366364135267743398694181237387897403656758979170959209142063114880056213332305393786653957303767589114500568127272025224344437738511331390618134651640030149484873054059749686777791255485544492251348715083250425323061361216209483438984296485676938075689494799066053022814544597170996864667285687

678912518637718366364135267743398694181237387897403656758979170959209142063114880056213332305393786653957303767589114500568127272025224344437738511331390618134651640030149484873054059749686777791255485544492251348715083250425323061361216209483438984296485676938075689494799066053022814544597170996864667285687

442200513789618366364135267743398694181237387897403656758979170959209142063114880056213332305393786653957303767589114500568127272025224344437738511331390618134651640030149484873054059749686777791255485542108751348715083250425323061361216209483438984296485676938075689494799066053022814544597170996864667970191

670011518637718366364135267743398694181237387897403656758979170959209142063114880056213332305393786653957303767589114500568127272025224344437738511331390618134651640030149484873054059749686777791255485544492251348715083250425323061361216209483438984296485676938075689494799066053022814544597170996864667285687

95703588347784480115407485451956676811164360146201222034697070809613274841012571117379121634151129816366062889705332278364702801331664154047832111153304471033750653145914236885763146283354315751607053588443297962299344781905389066265021349256933496850204888670461708505099576147855927316190548760483976318819

976016518637718366364135267743398694181237387897403656758979170959209142063114880056213332305393786653957303767589114500568127272025224344437738511331390618134651640030149484873054059749686777791255485544492251348715083250425323061361216209483438984296485676938075689494799066053022814544597170996864667761091

398106518637718366364135267743398694181237387897403656758979170959209142063114880056213332305393786653957303767589114500568127272025224344437738511331390618134651640030149484873054059749686777791255485544492251348715083250425323061361216209483438984296485676938075689494799066053022814544597170996864667285689

154025227037788198651218437867979174115547754728896818895660025366491336542271053954665167366789278873249293118120183829549290631645981812503917172967513936723283319725289716913896911492287837923208254450203424348818489923172855222029534123240885755987689928304023764734129664723095007198673531929921951109773

111949485010318428855635473208867662189400275791803683881313818551444746784393917093905801021225079319264230681625983713310453327576052876705980828904015578063979060706618667356180458344700108663444304188769552138256226921745240734500750005195357745437482655504159645743048101216760034894265880239910293820365

91775878121513815008394180444044489363223628176681138506603737242425251034440992884553335268889968869463072619657279501679419863073302248983663079104176168981461945087086258340245939160543126433432004243917815125017138697711432057529050154505002571870103238888253064991813400065921048857877910751960335311525

111068519351151383338026444004900653099974227819234249919644591439764771373441462879445028674068038680789941023921909397735512866261817057915440349901149685288038907469139801892601640265891971711203146268304414121498110496415464179800907005164162156608818448605183545087275574246136520274232477281344621981747

162927447115044952141666099585401659396931302312052428443518285289195719334119438567378970791053681437380810864999193058144038852904057047949152384432178651894229174178240577258406483906157132059821083454095358551026949573127329663109318968324913728975450521608034508914040720807993589201868729246959895238707

92039927093695353307922305014510711733259567506630719886830057995944587940493492175556148049162874047727674226142305990319936644928664833242978848635245085114063846172490607933617592249036898812025641484098692383568922105702326860356506258425623837668557545618555378888331634024459867752577602944429495683565

143729644475812529556151578194093200980794157871515913441469612861397411534790153523125218985865152502976299508628021233455400951013265635899787895030586747241243050285306432803232167921998603946876206603750625040903106186887728619470267368222433996859939289554900235233283983525224100215147836665001492880723

150991799806002725353046218065133417473247120904251514272349008488755083265541895264624277143257632000672831945263366568246842562642478578861684508473471747874632188455263646850219316795870439819921682041557874461346430904081204142376628101801521590720939334619011418695287319034344927392410023932005560462527

99907688570267944087931835076036784278928967947922942908558171508641689832578906861280119694570369301515682878941341839027123338386702451694118455959289423659520552289129187287560983749722170113459834631237102509931854336447249367003216071358886173148512944280661661880545998086212731450779127129853397325191

117721370172072379692879745504782874480655906942586631019754101050367314818067647665782230975208630915328218079820296457015134863179743828965509224979916557709625545674042116969020334192605210595600118573825988613750566131661466826313945118428430561616886223998591714495617872039624364070886633738489630964441

129675805243637621263487094509207014813494216661706776238118431399549662553248106141220252627416171356083311152207825083586236386269252282379048462890946547441029633397539436217350075909125389990085897998292252962664726264595095007455530034231728487396323994867641905271446965816015937275777877647068573854981

135425263854836773648952457701195319453471870641655577469231787806498476745771137992382827942686135541694665390784267931814814272983126508104313280331537803171725656806101192370248171737535974249427616408553895510286124816070286139554146881738384209595516819880803577095957745397827457552183569099273809391153

139601696230138947696564051279702857226618987806908809800615839560475594151682712354496656204144552904212500192898795572601956900099334908822065480185644535193168644734560913413001232185631249213398382872107689034757244118965589613720451287669922417639698391029822934554937805057320380042302594114078722644497

98114986047890395767373290526026860599263131494665378147347779448925102099327330432821161860643172208557613784200170161851897525751524862065885398330332776825833000384555973075982780461567030572407869953534156611314377859934039048974008593063572469375592913192530738773033482680559380378301273416658831342251

91869578236418832335049796335246219789379207374290077608601828369639485569991696933238366278806302955094929460048659142967661162280858561678188773509173742685481028568590054461636244119626592082377204823017470737132276159348971564687291546460534849253662017125127488272301180734343498285534233944144340865011

156241992912582200431160073330204654312920519732508156993826093865810340751976765605127578465032330720658022811571039269750126726188536265642397815282352713267941903186559812233859959814332376593215268874983372534815400086096392121417626244128062208704792937175628778985536660438258378105792311533039010586583

165345227400790636627734248719744620821796846001780240651676558754012274393520701496768189159565968835645695368735373298378433533670099533379281804736960806770430052886814236226666735843095073067473244143700561750491009736520767708107011768485635056181160611142485263066692905133337685706980568055261649725937

117826518637718366364135267743398694181237387897403656758979170959209142063114880056213332305393786653957303767589114500568127272025224344437738511331390618134651640030149484873054059749686777791255485544492251348715083250425323061361216209483438984296485676938075689494799066053022814544597170996864667285687

97844520218013946108687742248226998763132348453076315634354087677137009936576860221060222508245631568600710991831507515253748272192515712958587851360843167187617420335820808193413871351675147676416464578223641058680231840972930884983568892659021113923154181397675102078854800957811897548417102485034094879733

119106042704042365069173861806222681196174865430789486919932230504630151737930458135512032500715900499497860070972152361884967390011752039897718036202672154997088625729255970311725629253097468781382540350413805128475132682697489969633460305297201068324991300207718926375720514382724278767337291311963901700257

16427657784161673337042214430650768071564082704725439605439396569635111047971107445518323289253476917145968822726022569237189258609165646716547630495091291685227639100308984658067801590737752119950215399081160724202047392808313865559532151463545551487364685207071831567321529236628433569467926663602435007123

5154025227037788198651218437867979174115547754728896818895660025366491336542271053954665167366789278873249293118120183829549290631645981812503917172967513936723283319725289716913896911492287837923208254450203424348818489923172855222029534123240885755987689928304023764734129664723095007198673531929921951109779

111949485010318428855635473208867662189400275791803683881313818551444746784393917093905801021225079319264230681625983713310453327576052876705980828904015578063979060706618667356180458344700108663444304188769552138256226921745240734500750005195357745437482655504159645743048101216760034894265880239910293820367

91775878121513815008394180444044489363223628176681138506603737242425251034440992884553335268889968869463072619657279501679419863073302248983663079104176168981461945087086258340245939160543126433432004243917815125017138697711432057529050154505002571870103238888253064991813400065921048857877910751960335311523

111068519351151383338026444004900653099974227819234249919644591439764771373441462879445028674068038680789941023921909397735512866261817057915440349901149685288038907469139801892601640265891971711203146268304414121498110496415464179800907005164162156608818448605183545087275574246136520274232477281344621981747

162927447115044952141666099585401659396931302312052428443518285289195719334119438567378970791053681437380810864999193058144038852904057047949152384432178651894229174178240577258406483906157132059821083454095358551026949573127329663109318968324913728975450521608034508914040720807993589201868729246959895238707

92039927093695353307922305014510711733259567506630719886830057995944587940493492175556148049162874047727674226142305990319936644928664833242978848635245085114063846172490607933617592249036898812025641484098692383568922105702326860356506258425623837668557545618555378888331634024459867752577602944429495683565

143729644475812529556151578194093200980794157871515913441469612861397411534790153523125218985865152502976299508628021233455400951013265635899787895030586747241243050285306432803232167921998603946876206603750625040903106186887728619470267368222433996859939289554900235233283983525224100215147836665001492880721

150991799806002725353046218065133417473247120904251514272349008488755083265541895264624277143257632000672831945263366568246842562642478578861684508473471747874632188455263646850219316795870439819921682041557874461346430904081204142376628101801521590720939334619011418695287319034344927392410023932005560462527

99907688570267944087931835076036784278928967947922942908558171508641689832578906861280119694570369301515682878941341839027123338386702451694118455959289423659520552289129187287560983749722170113459834631237102509931854336447249367003216071358886173148512944280661661880545998086212731450779127129853397325195

117721370172072379692879745504782874480655906942586631019754101050367314818067647665782230975208630915328218079820296457015134863179743828965509224979916557709625545674042116969020334192605210595600118573825988613750566131661466826313945118428430561616886223998591714495617872039624364070886633738489630964449

129675805243637621263487094509207014813494216661706776238118431399549662553248106141220252627416171356083311152207825083586236386269252282379048462890946547441029633397539436217350075909125389990085897998292252962664726264595095007455530034231728487396323994867641905271446965816015937275777877647068573854989

135425263854836773648952457701195319453471870641655577469231787806498476745771137992382827942686135541694665390784267931814814272983126508104313280331537803171725656806101192370248171737535974249427616408553895510286124816070286139554146881738384209595516819880803577095957745397827457552183569099273809391157

139601696230138947696564051279702857226618987806908809800615839560475594151682712354496656204144552904212500192898795572601956900099334908822065480185644535193168644734560913413001232185631249213398382872107689034757244118965589613720451287669922417639698391029822934554937805057320380042302594114078722644497

98114986047890395767373290526026860599263131494665378147347779448925102099327330432821161860643172208557613784200170161851897525751524862065885398330332776825833000384555973075982780461567030572407869953534156611314377859934039048974008593063572469375592913192530738773033482680559380378301273416658831342253

91869578236418832335049796335246219789379207374290077608601828369639485569991696933238366278806302955094929460048659142967661162280858561678188773509173742685481028568590054461636244119626592082377204823017470737132276159348971564687291546460534849253662017125127488272301180734343498285534233944144340865013

156241992912582200431160073330204654312920519732508156993826093865810340751976765605127578465032330720658022811571039269750126726188536265642397815282352713267941903186559812233859959814332376593215268874983372534815400086096392121417626244128062208704792937175628778985536660438258378105792311533039010586585

165345227400790636627734248719744620821796846001780240651676558754012274393520701496768189159565968835645695368735373298378433533670099533379281804736960806770430052886814236226666735843095073067473244143700561750491009736520767708107011768485635056181160611142485263066692905133337685706980568055261649725937

97844520218013946108687742248226998763132348453076315634354087677137009936576860221060222508245631568600710991831507515253748272192515712958587851360843167187617420335820808193413871351675147676416464578223641058680231840972930884983568892659021113923154181397675102078854800957811897548417102485034094879731

119106042704042365069173861806222681196174865430789486919932230504630151737930458135512032500715900499497860070972152361884967390011752039897718036202672154997088625729255970311725629253097468781382540350413805128475132682697489969633460305297201068324991300207718926375720514382724278767337291311963901700253

164276577841616733370422144306507680715640827047254396054393965696351110479711074455183232892534769171459688227260225692371892586091656467165476304950912916852276391003089846580678015907377521199502153990811607242020473928083138655595321514635455514873646852070718315673215292366284335694679266636024350071235